17940.706540001185 10592.155660377359
16952.478800001143 11792.422572178477
18147.7175200012 11213.036544850498
16516.284000001193 11951.303191489362
17366.196980001238 11974.777422790203
18239.410080001042 11597.55498281787
16791.84114000118 11865.811463046757
16860.800880001214 12062.452045606975
16608.225440001115 12296.366565349545
17550.423900001068 12196.753804347825
16929.358020001186 12291.28486055777
17113.284820001147 12324.332875457876
17802.439360001237 12146.805857740586
16630.844800001218 12287.585461689587
17779.940780001125 12190.564727272727
16699.863100001137 12296.77613480055
16699.87042000123 12394.020874103066
18354.135580001166 12214.033677184467
17182.48978000116 12227.91165467626
17757.017639998947 12121.83147594455
17549.959080001205 12090.887971089312
17205.555660001188 12109.88283177109
16585.24008000115 12199.32208224388
16539.26936000114 12289.248508490133
16860.68376000123 12338.25381384037
17802.97006000121 12277.970183971242
17251.497100001103 12280.535939727142
16608.22544000111 12353.194076999012
17687.959080001085 12308.865932396506
16745.822840001143 12359.62863988205
16906.698400001158 12390.787591632397
16998.661800001093 12407.439625260236
16539.269360001217 12470.916483516483
17894.78340000104 12407.759346938776
16653.855780001217 12458.470944117178
17412.42024000114 12442.376506955177
17320.57030000127 12435.485499624343
18055.640660001216 12371.277939464493
16516.284000001244 12428.255340358872
16585.24008000111 12474.675400696864
16814.713040001123 12500.427773235215
17250.944440001153 12497.476462765957
16814.815520001262 12524.767148249382
17642.284820001103 12492.057980208068
16814.896040001142 12516.128527035426
16516.28400000117 12559.010006101282
18561.05506000113 12470.859615840645
16998.251880001044 12482.53364323068
16653.833820001106 12516.663166305216
16539.269360001243 12557.85132405745
18170.38812000126 12499.851653164003
16562.25472000113 12534.905664441094
17619.090840001183 12511.34932517925
16745.789900001197 12537.239838241394
16837.70938000117 12555.978894779772
17251.21894000109 12553.045645645645
16883.401940001208 12568.779736116581
16585.240080001084 12598.888932001164
16516.08636000127 12633.368964528157
17596.277500001077 12610.778622372372
17734.16769999889 12588.998987015379
16562.254720001034 12616.919171737354
17343.105480001133 12607.150040189337
16607.987540001097 12633.812791824508
16516.28400000111 12662.246848100165
17182.522720001143 12659.54323630137
16539.269360001188 12688.039979714309
16768.881400001195 12705.247164776518
17021.321420001095 12711.234133508715
17596.259200001266 12691.296739745976
17435.35070000113 12676.728149151462
17595.970060001 12657.293536240979
16676.16038000126 12677.812553273925
16699.826500001167 12696.550409553702
16539.269360001144 12721.132283941275
16539.269360001213 12745.45087916199
16539.269360001115 12768.187111571471
16814.786240001296 12780.729073762703
16608.225440001122 12800.932408009832
16653.954600001125 12817.934448495247
17802.940780001223 12790.82994011976
17733.900520001203 12767.04361716905
16630.965580001142 12784.949288806432
16585.2400800012 12805.222630218957
17802.904180001267 12779.835300429184
16608.225440001075 12797.147351652728
17665.273840001133 12775.164679680336
16631.009500001277 12792.73419363206
17825.59674000115 12767.794599436907
17297.186000001242 12761.787566405263
16539.269360001137 12780.371045542817
16814.650820001163 12790.940096738186
17181.907840001222 12788.776878258202
16539.269360001115 12806.947010209042
18239.66994000116 12769.736346741802
17802.805360001206 12747.768283294843
16607.892380001125 12763.026172172995
17963.8785600011 12735.805494378115
17550.27384000115 12722.430454467305
16539.269360001083 12739.549147727274
16562.254720001103 12756.687866155926
16562.254720001212 12773.8984025916
16562.2547200012 12791.350077536554
16860.815520001142 12799.23214971736
16516.284000001204 12817.015023678623
17688.303120001197 12798.906633642042
17481.057900001153 12787.335322958857
17320.50442000118 12781.185286822523
17756.89686000111 12762.850101811726
17320.449520001195 12757.419640086875
16998.482460001178 12760.857860474653
17619.310440001183 12746.567869285025
17734.149400001195 12731.493018583626
16837.804540001234 12739.517584935738
17917.86758000111 12718.401577520335
18400.380800001185 12684.593215382365
16538.928980000936 12689.183665569963
17067.37632000116 12690.950196718166
16561.903360001113 12696.620129560826
17733.556480001305 12681.380431193093
16585.038779998893 12668.532224824356
16539.269360001155 12683.102646388541
16998.7350000012 12686.674049464747
17297.442200001216 12682.851024890191
17113.350700001254 12677.624682280319
16562.254720001238 12692.149386945546
16539.26936000115 12706.54842175957
16676.866760001238 12717.887293259826
16745.918000001195 12727.590367296485
16837.67644000125 12734.5
16998.153060001223 12737.845260364555
17389.47880000118 12730.961035598706
17619.347040001216 12719.067770504429
16562.254720001158 12731.71991498406
16975.467820001268 12735.618062882464
17733.56746000128 12721.836220604235
16791.81552000118 12729.844305901912
16539.26936000111 12742.02441039197
18124.435700001206 12719.614342433793
16791.870420000985 12726.925100638393
16585.24008000104 12738.192879657317
17458.116460001173 12730.385050326824
16561.91800000123 12743.117700984496
16516.284000001036 12754.185863148303
17549.98104000111 12743.767909098058
17779.896860001103 12728.448379421974
16860.54102000113 12734.338745930863
17389.497100001143 12728.582717759311
16722.918000001133 12737.41550992314
16814.775260001148 12743.637645359884
16608.22544000107 12754.076431917787
16768.760620001216 12761.108002553607
17573.277500001113 12751.69964585275
17021.71670000121 12753.38570952328
16791.383640001233 12760.0223130454
17710.85294000107 12748.284894557948
16562.25472000115 12759.216116017882
16929.35802000122 12763.181098948737
16975.621540000964 12764.257190047036
16562.254720001143 12774.92357961647
16562.254720001107 12785.063114899662
16562.254720001154 12795.258628607764
17297.467820001166 12791.5100909059
17573.299460001122 12782.607557430194
17504.248220001133 12774.767416897506
16975.51174000115 12777.357900172117
17710.95908000108 12766.265383563517
17848.90418000121 12752.713509843856
16539.269360001123 12763.035797507682
18561.402760001125 12736.087604690118
16608.225440001082 12745.021763764831
16676.90336000112 12752.794535990186
16883.698400001078 12756.610907771952
16516.284000001226 12767.520458050332
16906.815520001273 12771.470271505026
16539.269360001243 12782.035525247606
17596.021300001255 12773.58608673206
16929.808200001196 12776.409980744544
17711.054240001067 12765.424972897137
16722.866760001256 12772.497160623077
16631.016820000044 12770.365829018816
17504.46416000124 12763.863033041514
16516.284000001204 12774.20562790843
17021.672780001107 12775.375757199217
17067.570300001273 12776.48635872084
17250.944440001294 12774.254616400896
17687.977380001237 12764.582631000367
18055.80901999913 12751.255938116185
17664.889540001244 12742.398914518317
17504.112800001203 12736.313418070627
17458.16404000113 12730.82467435691
16562.254720000947 12738.677249933236
16562.254720001238 12747.968717691194
17274.445860001084 12745.500705135739
17274.211620001224 12742.745229258599
16516.284000001222 12752.47926910879
17251.423900001093 12749.922173019595
17389.109140001223 12745.662742162987
16745.947280001146 12751.570933264564
16562.254720001045 12759.639896151322
19204.623180001145 12727.185825924458
18239.68824000097 12709.974172129534
16515.983880000655 12711.70094976606
16562.25472000118 12720.22159296973
16929.63618000105 12722.469191680782
17733.82732000122 12713.33717141595
17665.01764000045 12697.325324033392
16539.269360001195 12706.145923920474
16860.819180001174 12710.384868779265
16929.24090000122 12708.419295392954
18400.45400000122 12689.829473230637
17550.31776000111 12684.081522758324
16516.284000001197 12693.087867225231
17090.595920001084 12693.834404546904
16607.958260001124 12701.186240279321
16539.269360001166 12709.823905998894
17205.58128000122 12708.826703726041
16745.760620001216 12714.290623286419
16584.97289999927 12709.97201560468
16539.2693600012 12718.375560218647
16630.94728000119 12725.636624006605
17251.464160001095 12723.180363655041
17527.310440001187 12717.43539813963
16998.431220001192 12719.220263084242
17527.3580200012 12713.677950224068
16539.26936000119 12721.903147699757
17366.46416000104 12718.222994853772
16516.28400000116 12726.400550206328
17665.34338000107 12719.099937787732
18515.35152000109 12700.235168967394
17067.53370000106 12700.627598778205
16699.390960001227 12705.851793688964
16929.74964000102 12708.297859342163
16585.24008000109 12715.19057821059
17825.849280001254 12706.12402499879
16975.727680000993 12707.845290938918
17458.156720001145 12703.754412506303
17182.52638000125 12703.307852326527
16699.896040001102 12708.948570747974
18561.461319999376 12690.893033942064
16975.716700001194 12692.908325273067
17389.36534000107 12689.473001855462
16562.25472000105 12695.89840623464
17182.581280001235 12695.507131537242
17389.090840001092 12692.463755336923
17527.003000001125 12687.62899052899
16607.976559999 12683.461352545806
17251.303120001234 12682.254893870628
17044.683760001066 12683.230895682549
16584.954600001172 12689.982617400801
16883.683760001066 12693.210412983362
16929.654480001052 12695.149799033554
17343.394620001156 12692.511377945673
16538.998520001223 12699.938036438607
17067.584940001245 12700.634752327165
16791.62520000111 12704.991992704465
16860.826500001138 12708.276615548268
16539.2693600012 12715.310281612368
17113.610560001216 12715.503553277156
16631.210800001067 12721.271915975967
17710.856600001156 12713.895105658401
16745.822840001147 12718.310150539506
17205.52638000115 12717.345930484527
16539.269360001155 12724.04300308862
17343.497100001216 12721.630827148543
18101.607720001248 12710.234904933197
17527.30678000117 12705.447886903492
16562.254720001147 12712.050648246546
16561.947280001194 12718.270052116435
16516.28400000116 12725.107197161682
16745.76428000124 12729.557185553123
17711.26652000118 12722.861047072138
17664.911500001126 12716.567141127854
17297.26286000113 12714.720861574286
18423.60406000116 12700.150441745463
17504.10914000121 12696.103783694667
16607.983880000505 12696.574140268705
17228.592260001005 12695.103072105447
16608.22544000085 12700.177850774284
17412.409260001128 12696.94335596114
17572.915160001157 12692.00230778574
16539.269360001173 12698.336636460877
17848.856600001178 12690.437124424705
16676.89604000113 12695.56447088993
16562.254720001198 12701.806655215116
16699.826500001152 12706.289463204843
17573.061560001206 12701.445279650932
16791.870420001178 12705.261160096477
17090.38730000123 12705.865476683019
16883.830160001224 12708.542957013531
17412.478800001125 12705.565737987165
16539.269360001195 12711.799602052162
16585.0204800013 12717.635288626108
17274.207960001037 12716.238628655594
16539.26936000112 12722.216714975846
17527.394620001127 12717.637070691513
16539.2693600012 12723.87196467991
16516.28400000114 12729.831830797206
16539.26936000111 12735.716066111918
18009.820000001266 12726.576058238772
17412.361680001086 12723.473920454546
17067.321420001048 12723.819137690187
16539.031460001268 12730.086701176471
16562.254720001205 12736.055464834732
18607.077020001114 12720.884076385515
16539.269360001097 12726.485773910452
18193.647980001075 12715.697450456468
17067.44952000111 12716.492990049199
17481.332400001087 12712.59563566663
16630.95094000126 12717.774392148935
17159.577620001106 12717.440603762525
16814.573960001264 12720.735471381086
17412.50442000115 12717.616202245965
17067.45318000121 12718.183065116025
16562.254720001158 12724.06584161103
16699.925320001155 12728.173832247821
16929.332400001225 12730.277974638007
16653.907020001232 12734.887858513748
17779.915160001114 12728.457859746944
16952.64350000115 12729.741755011135
17573.38364000117 12725.39180767387
17182.464160001207 12724.922194690265
16676.87042000119 12729.21144783522
17458.00300000119 12726.112299465241
16883.456840001225 12728.572298032062
18124.64066000111 12718.969860572388
16608.225440001082 12723.693559629191
16630.928980001067 12725.693794206072
17458.412920001116 12722.459451969376
16562.254720001114 12727.613619873544
17388.977380001197 12725.004029341873
17756.929800001224 12719.133274992279
17550.288480001098 12715.18346929352
17986.8822200012 12707.270979944451
17687.867580001188 12702.215069284064
16539.269360001148 12707.694778028083
16539.269360001148 12713.170146984288
16585.24008000105 12718.101376741992
16608.225440001122 12722.905675916432
16998.43121999891 12715.20505128377
17618.73216000118 12710.795459860356
17940.691900001068 12703.494007789874
17665.3397200011 12698.331928730217
17366.519060001163 12696.054527412552
17894.856600001127 12689.207383601153
17113.519060001152 12689.20280685609
17274.55566000127 12688.153504603992
17159.244560001254 12687.976801934261
17044.592260001155 12688.488995682985
16791.800880001203 12691.642435862024
16516.284000001193 12696.955346289124
16539.26936000117 12702.04486806364
16677.181520001046 12706.244657688896
17665.347040001092 12701.36506711679
17596.04692000125 12697.291368866383
17182.478800001132 12696.820952046148
16791.786240001085 12699.82739110339
17067.32508000118 12700.395441613555
17642.328740001143 12695.73746752012
16562.254720001056 12700.362379085795
17389.5263800012 12698.16308938477
17251.62520000113 12696.912457965367
16699.83016000108 12700.25857420528
16768.914340001094 12703.35362821896
16699.482460001174 12704.32814473992
16860.72768000118 12706.847168637212
16929.713040001083 12708.087962388283
17113.548340001136 12707.975937732112
17573.32508000115 12704.366291268127
16860.705720001144 12706.371901207971
17021.409260001128 12705.223506300168
16814.848460001216 12707.811818738519
16837.833820001146 12710.117662329729
17136.687420001123 12709.86934405507
16584.954600001147 12714.414273558818
16562.25472000101 12718.477473243793
17090.610560001256 12718.924797024538
17412.03228000113 12716.479858284336
16539.269360001217 12721.353183616371
17182.610560001107 12720.526942694269
17963.688240001116 12713.8150673665
17527.079860001097 12710.588262483785
16814.552000001244 12710.93142942139
16607.987540001206 12715.132613083224
17182.240900001198 12714.813699806107
16998.621540001135 12715.870139073435
16653.778920001172 12719.768448961555
18078.63334000108 12712.067642567687
16791.888720001072 12714.641819247106
18285.593080001177 12705.37403097946
17549.926140001164 12702.06863972515
16539.269360001093 12706.516159958166
17389.350700001218 12704.442163665599
16975.727680001193 12705.611840869351
16585.240080000967 12709.443103497995
17642.07620000114 12705.449743361178
18630.446679999142 12694.261150512215
17044.716700001 12694.657915046879
17457.85660000122 12692.226727861002
16630.877740001088 12695.742469493984
16539.269360001123 12700.033917547718
17297.47880000112 12698.608982434287
18239.271000001158 12690.125800716765
16539.26936000117 12694.72826469553
17044.58128000113 12695.089805893424
16929.698400001133 12696.528052574055
16538.91434000126 12701.199057566733
16585.240080001146 12705.221194363054
17734.076200001116 12700.469146967567
18400.571120001205 12690.946231190625
16562.254720001136 12695.301174972667
16516.28400000124 12700.094535058764
16722.504420001165 12703.300209464487
16585.240080001196 12707.543998129788
16516.28400000108 12711.69567305713
16539.031460001133 12715.867597918379
16585.24008000094 12719.282727235455
16722.92166000112 12722.029918725795
16745.80088000126 12724.971398247428
17619.339720001084 12720.961446600624
17090.720360001036 12721.100791985378
17550.369000001145 12717.999257358899
17205.306780001276 12717.539251077586
16607.998520001143 12721.5414415141
16699.96924000106 12724.343317416031
17113.38364000126 12724.38792688149
17021.573960001126 12724.822349799733
16539.064400001284 12729.257225086942
18882.718340001185 12716.471010836078
17756.984700001292 12711.992768978122
16516.284000001197 12716.434917655766
17619.105480001217 12712.858508226112
16791.833820001164 12715.271435712595
16585.24008000106 12719.0122750128
17366.13842000108 12717.023088608921
16975.434880001267 12718.135897971984
17067.70938000118 12718.615863993116
18078.6882400011 12711.914209568382
16516.284000001135 12715.963851044506
16722.910680001165 12718.731214958112
17366.175020001207 12716.981580035135
17504.186000001166 12714.339303431303
16516.28400000118 12718.58570712072
16883.85944000107 12720.276997112609
16630.936300001213 12723.842251536886
16539.269360001173 12727.871342562412
17940.80536000116 12722.119054600156
16952.617880001155 12723.278507098154
17573.35802000099 12719.930641559233
18561.17218000105 12710.018938100118
16539.042440001245 12714.115419581303
17733.55282000117 12710.020113096813
16676.88872000108 12713.157633424671
16906.67278000121 12714.662527438068
16883.77526000119 12716.335269304427
16585.038779999 12714.103368147518
16539.269360001206 12718.15245339485
16585.24008000108 12721.668628964007
16562.254720001085 12725.296857142857
18331.57478000127 12717.108189126584
16699.79356000125 12720.024342601408
18009.750460001145 12713.981529432072
17136.672780001216 12713.994808006988
16677.181520001024 12716.998305417752
17090.369000001174 12717.356961684087
17343.28848000107 12715.676467352103
16516.28400000124 12719.851147693022
17021.672780001118 12720.374919324395
17182.52272000112 12719.75173151231
17251.109140001197 12718.90657129001
17481.061560001057 12716.3083994581
16699.88506000109 12719.181492212967
16676.804540001194 12722.26725872727
16516.284000001157 12726.181471546965
16998.365340001204 12726.978261391463
17458.343380001195 12724.80124312866
16837.74232000113 12726.589041750834
16516.284000001157 12730.394664312218
17182.628860001172 12729.901740641966
17940.443020001254 12724.631893971782
17435.36534000122 12722.745538782377
17503.78340000028 12716.560972726305
18446.24172000118 12708.08449558482
16837.74232000108 12709.86257574866
18055.7175200012 12703.830226989976
16539.269360001228 12707.68176865488
17618.992020001224 12704.6200745754
17412.233580001073 12702.908012596221
17435.40926000093 12700.662178517397
17412.365340001124 12698.818239877379
17205.53370000116 12698.322170592939
16516.284000001182 12702.173350761721
16539.269360001133 12705.751420323326
18193.651640001095 12698.983955864229
17963.355180001137 12693.811836481456
16562.254720001085 12697.181274946093
16539.269360001203 12701.074113511719
17642.196980001157 12697.88313646645
17596.090840001238 12695.096460933493
18285.281980001277 12687.974807303153
16562.25472000112 12691.462253444402
16768.654480001245 12693.841121495327
17619.087180001192 12690.864467125564
16768.74232000116 12693.142225331138
16860.84480000096 12694.640840550006
16538.98388000123 12698.407700955593
17963.38812000112 12693.382658726154
17664.973720001155 12690.056757270906
18630.395440001157 12681.445566653647
17297.50808000112 12680.463085678646
17113.595920001084 12680.501495025843
16699.804540001107 12683.047723666545
16768.665460001284 12685.384564263879
16699.96192000119 12687.909588465536
16516.284000001167 12691.56668359237
17113.617880001155 12691.790146307068
17595.96640000108 12688.977892596053
17021.456840001225 12689.701339741268
16998.72768000115 12690.434605949094
16562.254720001187 12693.890454843648
16607.921660001193 12696.943382015848
16562.254720001045 12700.069350304035
17664.89686000107 12696.789161211753
17527.10182000125 12694.518185763889
16653.852120001186 12697.43372763118
17090.405600000417 12694.540560703204
17205.32874000112 12694.09852057278
16768.782580001174 12696.3050672182
16539.26936000109 12699.433993310606
16722.859440001183 12701.96178952567
16585.24008000113 12705.096586097861
18170.604060001162 12699.076777484308
17274.317760001162 12698.339797225186
16768.907020001112 12700.497565549056
18630.27466000102 12692.63509133609
18216.567460001123 12686.053038896604
17067.548340001194 12686.501825377509
16539.269360001104 12689.63987026159
16539.269360001166 12693.004567366012
16745.80088000116 12695.294135610711
17871.5454999994 12686.47072668432
16998.75330000122 12687.33698331288
16562.25472000114 12690.466024399184
17550.25920000107 12687.987219145156
18446.50524000115 12680.521558733997
17458.08352000114 12678.657327160172
16608.225440001053 12681.646023122708
16607.91068000108 12684.683270588966
16562.254720001016 12687.676469065493
17642.33606000104 12684.74975716618
16562.254720001187 12687.904194952851
18124.61870000113 12682.44057398143
17711.299460001093 12679.424240867815
17435.412920001127 12677.811253050093
16791.73866000108 12679.813285568065
16653.855780001297 12682.645458633093
16585.240080000945 12685.3331122652
17113.577620001168 12685.346010083007
16539.269360001123 12688.603837862023
17481.456840001105 12686.518106528094
16998.77160000115 12687.256567949016
17044.211620001046 12687.889230520268
16791.66180000127 12689.830179534301
16998.471480001215 12690.56910437982
17986.717520001115 12685.961767871333
16585.240080001127 12688.826638010685
18469.596740001092 12681.486468884948
17159.167700001224 12681.439055858378
17802.798040001257 12677.893852741265
16516.28400000118 12681.170917172441
17618.72484000115 12678.61471667711
17435.39462000121 12677.026576259072
18377.497920001093 12670.310984548336
16585.240080001146 12673.260975344416
17481.358020001215 12671.430798084992
17296.830980000916 12668.550532570032
16906.595920001328 12669.888476823799
17619.25188000119 12667.318131835766
16745.91434000121 12669.481727998118
16584.98388000116 12670.933207395734
16952.193320001174 12672.02094082239
16860.72402000125 12673.539497175638
18285.15754000123 12667.493195623394
16883.577620001175 12668.964652943807
16699.932640001174 12671.257083802353
18055.4905999989 12661.613388335318
17825.999340001006 12658.006310642082
16791.764280001113 12659.68094714294
16699.9399600012 12661.871469035415
17504.37998000108 12659.925847926223
16699.888720001065 12662.249963993201
17389.504420001158 12660.90513250587
17412.1750200011 12659.285427270292
17458.09816000115 12657.680848016043
17642.339720000982 12654.78635835065
16906.3360600012 12656.124580085838
16562.254720001187 12659.065245692891
17573.03594000117 12656.873640080054
16561.98388000118 12659.853505839119
16562.254720001103 12662.843142632859
16516.284000001186 12666.022845971496
17044.36900000105 12666.422965225918
16860.724020001166 12667.889165042694
18124.74680000118 12662.841480256668
17687.995680001055 12660.144427148778
17619.068880001214 12657.740518532384
16929.782580001207 12658.723282371411
17802.830980001065 12655.397177607401
16539.26936000112 12658.29065337866
17159.464160001233 12658.2574970012
17481.090840001154 12656.52657910614
16699.500759999108 12654.22291529571
17894.820000001197 12650.455417518478
17596.34704000114 12648.03893813481
17504.321420001237 12646.368779552598
16768.907020001177 12648.2157674821
16998.676440001153 12648.977495979783
17871.757780001157 12645.467808206615
18009.699220001137 12641.150115790533
16791.866760001227 12643.051704124813
16952.731340001243 12644.049826610695
17297.27018000118 12643.361985714806
17342.856600001225 12642.46653024102
16630.91434000113 12644.94827664502
16630.961920001162 12645.980019952838
16539.26936000118 12648.985164521651
17297.123780001184 12648.323369049234
16585.2400800012 12651.16767797161
16562.25472000116 12654.048187556356
16952.68376000123 12655.031637990798
17090.47514000124 12655.38322965733
16791.83016000111 12657.01876918658
16814.570300001076 12658.634862730687
17458.332400001123 12657.170177165355
16998.647160001197 12657.954713171508
16585.24008000105 12660.5292013133
16516.284000001146 12663.474713544914
16745.52272000111 12665.502090858943
16516.284000001207 12668.490092763719
16630.958260001225 12670.985039796271
17641.959080001063 12668.533419546848
16607.88140000111 12671.024378162261
16516.2840000012 12674.056041412696
16539.269360001206 12677.074951699558
16952.621540001186 12677.914377829848
16630.837480001188 12680.335793520237
18354.618700001134 12674.582273258009
17802.91882000105 12671.315161287495
16562.254720001005 12673.705386601321
17573.123780001042 12671.691842636357
16585.2400800012 12674.427905840474
16585.240080001076 12676.899099915481
17458.076200001145 12675.462934289044
17320.134760001223 12674.68456614818
18400.57478000122 12668.804351029252
17389.196980001205 12667.609589574518
18193.30760000116 12662.691318466826
16516.284000001186 12665.621351435275
17067.6654600011 12665.975083972095
17573.420240001204 12663.955531098998
16539.26936000124 12666.861811655805
16837.859440001186 12668.36083552705
17113.537360001235 12668.487358408178
17435.44220000123 12667.188456837084
16998.423900001177 12667.904291640349
16814.804540001158 12669.32483528098
17504.390960001223 12667.73300202529
16860.478800001078 12668.93305517552
16745.44586000123 12670.91312723292
17228.196980001023 12670.614090832063
16585.240080001113 12673.257063796298
17481.409260001223 12671.632805305622
17619.028620001205 12669.457916888068
18722.091660001126 12662.239577809762
17251.614220001236 12661.803153179651
18193.208780001238 12657.06323921687
17848.918820001185 12653.834578218419
16952.65814000107 12654.718967146357
17573.365340001143 12652.737676041641
17113.69108000122 12652.947592174254
17159.54102000106 12652.661847329387
17642.23724000119 12650.41027089912
16562.042440001158 12653.168666799456
17435.50076000116 12651.886304502743
17619.21894000115 12649.848808735936
17619.02862000123 12647.790779497514
17389.175020000064 12643.841736348193
17182.12378000119 12643.740178681708
17136.552000001164 12643.89505188206
17320.486120001096 12643.221867380364
16883.566640001176 12644.419888008002
17481.438540000978 12642.875610854173
17619.317760000962 12640.55189068591
17412.38364000116 12639.315156015406
18515.095320001143 12633.309270374382
16608.225440001166 12635.705156047925
17159.266520001143 12635.713663794153
16768.771600001186 12637.398127869437
16516.284000001207 12640.184538855403
17136.581280001188 12640.296863496995
17251.153060001274 12639.93378355454
16676.874080001053 12641.984356342982
17917.904180001242 12638.671622677373
17067.456840001283 12639.11499762734
17733.91150000115 12636.556136378236
17388.637000001167 12635.586037971842
17320.58128000119 12634.898902400948
16516.28400000112 12637.472616924812
16975.760620001034 12638.040006707712
16768.86676000114 12639.610670707392
17481.024960001185 12638.24531381886
16653.881400001104 12640.488611239243
16516.284000001124 12643.048122140315
17274.310440001165 12642.569694854486
16791.844800001138 12644.049107602608
16768.76428000117 12645.711236292862
17986.721180001197 12642.068028876532
17550.02862000116 12640.423152449075
17389.138420001178 12639.433014938066
16516.284000001197 12642.176599208753
17550.00300000117 12640.464000753911
17687.72850000119 12638.221449461726
16585.240080001204 12640.753810008615
17481.420240001196 12639.387841916767
16906.698400001183 12640.488937828488
17848.710200001115 12638.292178984382
16998.438540001167 12638.883319836796
16608.225440001115 12641.212564744677
16539.2693600012 12643.829111416653
16745.874080001107 12645.35554296975
16585.240080001055 12647.522743827782
16653.965580001186 12649.622281388833
16791.866760001136 12651.154362883028
17412.08352000112 12650.075829969202
16585.240080001113 12652.572078392672
17136.548340001154 12652.602557686534
17848.871240001165 12649.67807919072
16516.28400000121 12652.339816186915
17664.97006000117 12650.10222246073
17435.32508000109 12648.779715381494
17389.35436000116 12647.712381229027
16998.643500001068 12648.27197495992
19066.7110200011 12640.326496560026
17021.628860001092 12640.719706596257
17251.083520001164 12640.309273963756
16585.005840001148 12642.593815935275
16539.269360001188 12645.15149838146
17021.43122000115 12645.649578667635
16516.284000001226 12648.28718681701
18239.724840001192 12643.850388053392
16929.43121999974 12641.780364036675
17665.281160001203 12639.716406673493
16585.24008000115 12641.99017123262
16538.918000001166 12644.420294753922
16584.93995999891 12642.577321598728
16539.26936000114 12645.061162239943
17917.79804000106 12641.958172145192
17274.581280001126 12641.361902769268
16630.976560001276 12643.574641180467
16929.445860001102 12644.41053604574
16516.284000001244 12647.061013112532
16562.254720001143 12649.408922209579
16929.66180000123 12650.270013891055
17343.15306000115 12649.56052817032
17848.82732000099 12646.73754379208
17596.229920001017 12644.923652096739
17205.595920001128 12644.722837728044
17665.240899999433 12642.490876908327
17550.054240001034 12639.371440144347
16561.628860001296 12641.756409218977
16561.9765600008 12642.406256199987
17251.45318000109 12641.920452627484
17549.911500001068 12640.188721000102
16791.800880001014 12641.466039172059
17802.871240001186 12638.915664235497
16539.26936000122 12641.375880570866
17205.486120001155 12641.231458462436
16539.269360001144 12643.56020420053
17090.62886000116 12643.787484271697
16722.939960001255 12645.472052306575
17090.31410000114 12645.674376927263
18193.271000001165 12641.596408495596
17619.226260001156 12639.663158427731
17573.171360001154 12638.002109186518
17894.816340001136 12635.092079450711
17802.600400001233 12632.58384104625
17366.38730000116 12631.724132475098
16791.756960001025 12632.92810706358
17251.145740001186 12632.609660733631
16860.793560001228 12633.787644925978
17458.076200001193 12632.624730759599
18721.967220001243 12626.542934902958
17136.511740001213 12626.703391644312
17182.519060001123 12626.537952360934
17595.596740001212 12624.892951673497
17251.533700001204 12624.537121782756
16562.254720001045 12626.66629991908
17527.445860001204 12625.173861574232
16722.592260001282 12626.92483944743
19411.5426600012 12618.260389945373
16814.808200001247 12619.659716241971
16539.26936000111 12621.936990995691
16906.401940001186 12622.981505479336
17090.661800001217 12623.284638056315
16562.254720001158 12625.659333169378
16607.943620001162 12627.712211077498
17733.669940001244 12625.548741168555
17503.90784000124 12624.279494627795
16630.92532000116 12626.221080967696
18354.45400000121 12622.292963350785
16539.269360001224 12624.685587966611
16562.254720001158 12626.873099134118
16814.50076000119 12628.224275654764
17917.92980000122 12625.331779304786
17527.358020001077 12623.696838073563
16630.815520001142 12625.562137846904
18814.036759999377 12619.508247650941
17090.376320001084 12619.718916939068
17021.713040001207 12620.16435774782
16883.78990000122 12621.113397086301
16860.361679999085 12618.94810060329
17274.58494000112 12618.370493923116
16539.26936000113 12620.636919567398
17596.2811600012 12619.007973376334
17642.336060001104 12617.20448284841
16539.269360001243 12619.592059417462
17711.27018000096 12617.485190071571
17113.559320001074 12617.678253210708
16653.939960000924 12618.115980875602
18377.66628000117 12613.523268641471
18285.139240001015 12609.405549474084
17917.79804000119 12606.602832545761
18928.824480001225 12600.120276800662
17642.240900001143 12598.377035643216
16562.25472000105 12600.382821480249
17435.47880000121 12599.437515194079
18193.70654000118 12595.691491298456
18170.67726000121 12592.039763278552
18400.17950000118 12587.564274238544
16630.94362000114 12589.548859759865
16653.855780001173 12591.469933991628
16561.97290000117 12593.675494558516
16539.26936000116 12595.933650209205
16584.95825999975 12595.456850890803
16883.67644000114 12596.3609029086
17021.105480001126 12596.940606942202
17457.922480001278 12595.636184916399
16516.28400000105 12597.728934070981
17365.915160001237 12597.046065667513
18078.65530000102 12593.712864844767
16630.97656000104 12595.575782498823
16562.254720001158 12597.67191672354
17090.372660001096 12597.88436337644
16676.866760001132 12599.653840305187
17044.65814000124 12600.086062975486
17527.31410000111 12598.716537614268
17297.420240001156 12598.20745444724
18630.10264000104 12593.007405750966
16516.284000001157 12595.276673193424
16699.822840001158 12596.967017170762
16745.89970000109 12598.377281787663
16630.9912000013 12600.327811511328
17342.790720001216 12599.739867716042
17090.41292000126 12600.01613430222
17733.882220001167 12598.014507508271
16814.88506000118 12599.301054800057
16607.980219999925 12598.947716674917
18239.50157999902 12595.698718240523
16608.22544000106 12597.61268003664
16516.046099999818 12597.414500541936
18055.67726000116 12594.272414999936
16998.61422000121 12594.853351892014
18492.51256000126 12590.246184575406
16516.284000001244 12592.593409148149
17228.189659999844 12589.967161618246
17389.127440001135 12589.193873212214
17665.251880001037 12587.340271522327
16653.903360001175 12589.108969249755
17067.698400001187 12589.458908507224
17228.24090000109 12589.30521833375
16516.284000001244 12591.658709259935
17251.59958000125 12591.409252350204
16562.254720001114 12593.441383499025
16814.760620001234 12594.631870377703
17573.065220001132 12593.190841593632
17802.84196000107 12591.041221811696
17412.365340001128 12590.14770088249
17205.273840001162 12590.080756789048
16516.28400000116 12592.263982628461
16562.25472000115 12594.288326747055
16722.80088000116 12595.76721373804
17021.669120001054 12596.214075021206
16745.892380001158 12597.694521379519
16791.6032400012 12598.913280776227
18147.816340001187 12595.60186090522
18032.735820000995 12592.64638625182
17182.233580001142 12592.578983136169
17067.69840000113 12592.820910908016
16562.254720001063 12594.674396845132
16516.284000001167 12596.843176742203
16584.892379999175 12595.962011670395
16975.621540001226 12596.603966966986
17343.142080001162 12595.999899940589
16561.961920001217 12598.026634261545
17573.010320001093 12596.711162973548
17619.120120001182 12594.727318620638
17642.376320000996 12593.058811079987
17113.562980001163 12593.225137726487
16837.749640001155 12594.42014410833
17825.94078000126 12592.245010763228
17481.193320001115 12591.175643941036
16539.26936000103 12593.089798192399
16608.225440001035 12594.90292775242
17159.34704000114 12593.86926707522
16539.26936000118 12595.9929145862
17894.856600001167 12593.596919245776
17113.30311999954 12591.223823802868
16906.694740001163 12592.170301889579
16516.284000001204 12594.332952324767
16562.02780000124 12596.263706577929
16791.81552000122 12597.559365799803
16562.254720001154 12599.582822687387
16952.71670000116 12600.296594658455
16768.793560001144 12601.64221328017
17642.196980001147 12600.042010493462
16585.053420001095 12601.955270512712
16539.26936000116 12603.887322054565
16676.811860001166 12605.410319036191
16585.240080001164 12607.324410502935
17067.573960001275 12607.697779452796
16837.566640001274 12608.828520765395
16585.240080001156 12610.747970587165
16516.2840000011 12612.712388468626
16952.383640001142 12613.444706167307
16608.22544000111 12615.231047979722
16906.68010000105 12615.958619897743
18537.99284000119 12611.461901945639
17619.36534000106 12609.915359670167
18446.091660001148 12605.754297683825
17664.750460001076 12604.146889428626
16699.870420001167 12605.570218746621
17044.347040001187 12605.952642094715
16906.73500000102 12606.794034789073
16539.269360001133 12608.71686079588
16516.284000001244 12610.896790020044
18446.589420001073 12606.682539777377
17458.420240001105 12605.6675519217
16538.921660001215 12607.702714789131
17389.53004000104 12606.786752750166
17733.863920001084 12604.852119546465
17526.805360001224 12603.713379997147
17389.460500001227 12603.044686735833
16653.841140001234 12604.731825189754
16562.25472000115 12606.71918692829
17159.625200001123 12606.727572941942
17044.6618000012 12607.012291374755
16516.284000001182 12609.049494072407
17894.896860001165 12606.685692878593
17113.650820001087 12606.711360863748
17435.486120001144 12605.76321753822
17756.530860001178 12603.894874553867
17021.36534000124 12604.37801991248
17412.33972000107 12603.418349625075
16676.5556600012 12604.991095661553
16516.28400000114 12606.923146754441
16562.25472000113 12608.81220412773
16952.79722000127 12609.465404356315
16608.038780000665 12609.75017521727
16745.808200001098 12611.060947857342
16630.910680001147 12612.761454197784
18515.47962000123 12608.496798006614
16906.453180001263 12609.387925669584
16562.25472000112 12611.190252604787
16791.716700001223 12612.35153179409
17021.01398000118 12612.836847019795
16791.852120001062 12614.024249201833
16562.254720001158 12616.0052797638
17642.266520001158 12614.50887043612
18951.681740001204 12608.899844101854
16607.93996000113 12610.517687373085
16768.7899000011 12611.721990720729
17067.54468000119 12612.058118713257
16539.26936000116 12614.004441120635
17481.46050000112 12612.927095424717
16516.28400000119 12614.928966768482
17251.526380001273 12614.69898597107
16975.41658000111 12615.300531732026
16539.269360001217 12617.224972091026
16584.903360001186 12618.970262200563
16585.240080001113 12620.7452694864
16539.269360001097 12622.581447137016
18124.6040600012 12619.646271499612
16837.720360001284 12620.69450648374
16837.38364000113 12621.757912112933
16516.28400000116 12623.65468918842
17251.310440001154 12623.42068154444
16516.284000001215 12625.412336372203
17343.497100001114 12624.62495179985
17320.16038000103 12624.032248927962
17205.4641600011 12623.821065795952
