17458.34338000114 11762.230366492147
18193.60040000116 10139.614349775784
17136.530040001075 12514.186440677966
17848.874900001236 10801.908653846154
16562.2547200012 14856.546052631578
17021.66546000123 13085.098837209302
18882.872060001253 8924.849802371542
16883.83748000113 13399.765060240963
16607.939960001117 14559.896103896104
17665.006660001036 11239.075
17067.336060001242 12896.419540229885
17044.233580001157 12952.757225433526
16837.775260001243 13771.536585365853
17159.588600001232 12621.123595505618
18538.450340001225 9458.96218487395
17550.262860001123 11535.430769230768
17664.91516000107 11024.665
16745.760620001187 14019.6
16516.284000001153 14853.853333333333
17710.97738000115 11090.277227722772
16562.254720001158 14792.697368421053
16562.254720001158 14652.427631578947
16607.863099999133 11606.88961038961
16608.225440000995 14417.305194805194
17320.423900001104 11992.654054054054
16608.225440001144 14592.357142857143
17503.724840001163 11686.253886010363
17503.77974000112 11676.886010362694
16562.25472000113 14679.66447368421
17274.14940000119 12333.75956284153
17090.709380001175 12914.017142857143
16631.210800000907 14267.438709677419
17642.237240001145 11255.346733668342
18216.538180001022 10046.183035714286
17595.944440001185 11450.446700507615
16607.859440001044 14312.551948051949
16745.782580001214 14078.225
18009.754120001217 10834.13023255814
16516.28400000102 14579.993333333334
16608.22544000107 14541.363636363636
17297.48612000124 12249.201086956522
16515.93263999894 11330.56
16676.85944000123 14226.987261146496
17205.603240001165 12458.472222222223
16975.68376000113 13184.935294117648
17090.672780001158 12891.457142857143
16516.284000001207 14932.993333333334
17251.438540000912 12297.576923076924
16539.26936000112 14724.596026490066
17711.262860001003 11087.198019801981
18078.54184000126 10347.816513761469
17458.068880001032 11763.251308900524
17251.43854000115 12296.456043956045
16768.742320001107 13906.652173913044
17688.33240000113 11459.915422885571
17274.566640001078 12283.103825136612
16883.592260001235 13596.819277108434
16516.284000001117 14802.42
17504.343380001108 11655.450777202073
17481.35070000126 11743.515625
16860.822840001132 13513.066666666668
16607.983879999065 11422.324675324675
16516.284000001135 14826.026666666667
16539.26936000117 14888.377483443708
16814.745980001164 13708.539877300613
16516.284000001164 14879.966666666667
18009.38080000128 10492.846511627908
17044.36900000128 13055.520231213874
16860.497100001136 13620.6
16722.804540001165 14037.0
16860.841140001106 13621.569696969696
17113.321420001266 12818.079545454546
17550.387300001148 11575.451282051283
17894.83098000116 10733.0
16791.73134000121 13797.277777777777
17182.53370000122 12552.77653631285
17550.11646000104 11490.712820512821
17550.039600001135 11543.789743589743
17734.178679999197 11125.492610837438
16837.621540001106 13687.59756097561
16562.25472000119 14770.230263157895
16722.852120001204 14142.119496855346
17710.937120001086 11164.326732673268
16585.24008000116 14705.477124183006
16653.822840001234 14416.365384615385
16837.797220001186 13675.09756097561
16975.390960001194 13157.864705882354
16883.760620001078 13575.939759036144
16837.63984000116 13629.323170731708
16837.786240001133 13625.067073170732
18101.318580001178 10306.707762557078
18492.51621999925 9684.368644067798
17619.361680001188 11381.80303030303
17343.519060001094 12022.833333333334
16562.25472000116 14805.046052631578
16699.84846000117 14211.632911392406
17848.951760001222 10845.485576923076
16516.284000001215 14984.713333333333
17067.60324000122 12935.114942528735
17136.56664000127 12725.531073446327
17182.636180001155 12507.82122905028
17779.830980001232 11007.536585365853
17573.032280001087 11474.545918367347
17733.61504000038 9598.837438423645
17021.716700001216 13074.831395348838
16562.254720001118 14672.25
17412.35436000119 11803.798941798941
18009.809020001263 10461.153488372092
16562.254720001103 14651.71052631579
17113.683760001168 12715.625
18032.768760001163 10357.393518518518
16814.800880001127 13622.233128834356
17366.51906000121 12031.582887700535
17044.665460001146 12986.242774566474
16516.28400000113 14778.24
16516.284000001215 14937.546666666667
17343.145740001208 12124.112903225807
16608.016820001216 14610.207792207791
16562.254720001125 14696.125
17389.43488000105 11992.356382978724
18078.567460001188 10317.426605504586
16539.269360001148 14831.450331125829
18055.706540001138 10399.396313364055
17986.77242000119 10484.88785046729
17596.2701800012 11381.527918781725
18262.15022000119 9987.694690265487
16998.775260001246 13182.865497076024
16585.240080001167 14636.78431372549
17274.29580000115 12268.398907103825
17090.288480001258 12910.108571428571
17550.273840001024 11390.712820512821
16998.60690000106 12974.760233918129
16539.269360001115 14646.94701986755
17365.79804000125 12055.374331550802
17021.431220001232 13119.67441860465
17596.27018000115 11384.604060913705
17205.544680001098 12438.0
16699.793560001104 14215.164556962025
17802.761440001177 10941.912621359223
16791.841140001172 13799.913580246914
17550.317760001177 11464.307692307691
16814.46782000118 13775.533742331289
16975.77526000126 13260.035294117648
17619.394620001178 11372.681818181818
16791.614220001087 13853.95061728395
16562.25472000106 14659.388157894737
17757.003000001187 11067.348039215687
16585.240080001076 14626.738562091503
16516.284000001215 14960.813333333334
17343.189660001277 12079.209677419354
16998.69840000113 13088.543859649122
17366.379980001137 12039.764705882353
17619.021300001208 11329.035353535353
16539.269360001206 14915.58940397351
16539.269360001126 14722.794701986755
17733.827320001154 11104.182266009851
16975.650820001138 13103.6
17274.478800001125 12314.393442622952
16585.240080001153 14665.307189542484
16860.709380000953 13487.660606060606
16929.672780001056 13322.452380952382
17159.482460001193 12547.505617977527
17504.44220000116 11594.42487046632
16883.40926000126 13577.813253012047
17411.779740001075 11920.84126984127
16791.78258000112 13802.70987654321
16860.797220001183 13574.290909090909
16952.782580001105 13325.378698224851
16975.376320001156 13262.958823529412
16699.79722000099 14019.822784810127
16768.844800001207 13925.577639751553
16539.269360001148 14752.58940397351
16630.548340001144 14489.464516129032
17067.632520001243 12931.522988505747
16699.848460001183 14246.784810126583
17986.50524000125 10538.616822429907
16562.25472000111 14539.769736842105
16654.19616000107 14501.916666666666
16998.69474000121 13129.374269005848
16538.93263999979 12278.245033112582
16814.756960001214 13769.63190184049
17090.555660001195 12929.628571428571
19296.689060001172 8707.250922509225
16539.269360001144 14755.470198675497
17389.460500001154 11939.97340425532
16562.254720001103 14654.888157894737
17757.04326000112 10951.289215686274
17688.083519999254 11367.467661691542
18239.388120001116 10026.808888888889
17619.04326000116 11288.333333333334
17412.19332000116 11919.878306878307
18790.985520001082 9082.70281124498
18607.073360001188 9363.46887966805
16562.254720001074 14565.03947368421
16516.284000001215 14949.1
16722.804540001067 14066.157232704403
16562.254720001063 14653.486842105263
16608.22544000101 14553.538961038961
16584.95094000118 14728.73202614379
16631.2108000011 14412.632258064516
17527.4092600012 11581.407216494845
17894.95176000109 10715.809523809523
17228.295800001066 12453.198895027625
16676.804540001056 14303.03821656051
17251.0396000011 12314.917582417582
16630.987540001028 14284.625806451613
16585.240080001113 14764.67320261438
16516.284000001182 14880.286666666667
17250.823660001133 12379.675824175823
16975.51174000123 13230.8
17251.42756000113 12366.225274725275
17550.365340001128 11461.420512820512
17136.680100001173 12689.101694915254
17710.89320000118 11168.044554455446
17343.25554000101 12032.516129032258
17044.67644000121 13015.843930635838
16906.647160001143 13302.958083832335
17067.530040001096 12947.666666666666
16676.848460001092 14281.83439490446
17044.745980001113 12828.21387283237
16562.254720001165 14726.638157894737
18055.516220001136 10393.857142857143
18561.43570000124 9461.050209205021
17297.16404000126 12254.83152173913
17481.02862000112 11636.364583333334
16722.939960001222 14112.012578616352
17297.237240001185 12252.304347826086
17825.90784000118 10903.71497584541
17986.28198000124 10537.163551401869
17894.93712000112 10702.314285714287
17458.442200001184 11745.502617801047
16539.26936000112 14667.311258278145
16630.797220001237 14403.206451612903
18078.314920001074 10353.532110091743
17067.555660001108 12834.78735632184
16607.943620001286 14638.441558441558
17595.962740001047 11408.32994923858
16699.936300001227 14253.32911392405
16722.910680001256 14163.503144654089
16562.254720001045 14599.907894736842
17481.112800001232 11670.072916666666
18262.230740001196 9986.252212389381
16538.90336000114 14787.74834437086
16952.797220001088 13121.171597633136
17665.33606000108 11221.625
16860.727680001055 13481.363636363636
17274.178680001187 12320.688524590163
17366.500760001152 12000.272727272728
17665.046920001223 11294.0
17665.20429999914 11766.21
16768.885060001183 13983.465838509317
16585.240080001164 14760.058823529413
16906.40194000123 13499.413173652694
17366.500760001243 12011.449197860962
17021.665460001062 12943.436046511628
17228.55932000104 12402.39226519337
16745.610560001205 14083.13125
17504.39462000109 11523.341968911916
18032.351520001044 10445.175925925925
16585.240080001084 14548.660130718954
16860.493440000293 11695.49696969697
17963.90418000115 10598.328638497653
17412.431220001105 11901.243386243386
16516.284000001244 15036.273333333333
17274.09084000108 11933.874316939891
17710.783400001234 11169.450495049505
17642.347040001114 11314.96984924623
16539.2693600011 14752.569536423842
17665.039600000993 11158.775
18423.095320001194 9691.635193133046
16837.78258000117 13718.323170731708
17205.63618000116 12477.488888888889
18216.508900001172 10083.450892857143
16584.950940001156 14567.111111111111
18055.461320001137 10391.94470046083
17044.453180001212 13045.375722543353
16539.269360001137 14816.562913907284
17412.390960001176 11915.608465608466
17733.5455000012 11105.788177339902
18124.710200001162 10198.581818181818
16516.28400000119 14912.12
17894.64798000114 10737.633333333333
16630.899699998994 10765.45806451613
16883.67644000112 13470.783132530121
16699.89238000119 14140.924050632912
16722.599580001177 14182.006289308176
16539.269360001173 14784.940397350992
16585.24008000105 14575.359477124182
16975.778920001187 13270.735294117647
17136.584940001005 12491.875706214689
16516.28400000117 14858.386666666667
16998.625200001035 13111.023391812865
16745.837480001057 13958.3375
16562.254720001107 14723.401315789473
16585.240080001156 14644.013071895424
16745.756960001116 13911.925
17825.852940001092 10851.64734299517
16791.80088000089 13616.283950617284
16975.760620001147 13167.4
17596.343380001177 11439.507614213198
16745.775260001206 14097.375
17113.537360001195 12823.943181818182
17734.010320001184 11105.251231527094
16952.69840000109 13293.550295857987
17273.757779999065 9394.754098360656
17159.22626000108 12520.483146067416
16906.445860001175 13446.491017964072
17343.44586000125 12095.79569892473
16906.815520001186 13402.62874251497
16814.570300001076 12479.78527607362
17297.57030000122 12247.222826086956
17067.3836400012 12897.327586206897
16539.26936000124 14921.46357615894
17021.749640001133 13022.343023255815
16516.28400000117 14915.86
17090.650820001167 12855.565714285714
17802.640660001118 10960.45145631068
16585.24008000112 14600.464052287582
16745.903360001117 13999.46875
16676.82650000112 14274.528662420382
16722.552000001193 14170.522012578616
18055.59308000116 10388.990783410138
16883.66546000109 13380.265060240963
17527.34338000122 11609.70618556701
16608.016820001136 14457.954545454546
16906.41658000109 13520.592814371257
16585.005840001228 14746.098039215687
18515.40642000126 9532.396624472574
16631.21080000105 14506.477419354838
17986.867580001115 10408.20093457944
17802.878560001067 10878.766990291262
16562.2547200012 14757.631578947368
18400.578440001107 9737.211206896553
16515.998520001176 14839.38
16998.74598000114 13188.058479532163
18124.71386000109 10550.381818181819
17090.716700001238 12865.12
17664.9041800012 11286.41
17573.068880001178 11503.719387755102
17228.504420001263 12463.635359116022
16883.80820000114 13523.409638554216
16906.80088000124 13395.652694610779
16539.26936000115 14861.211920529802
16539.2693600012 14886.675496688742
16516.28400000104 14642.106666666667
18354.53818000113 9825.15652173913
16562.254720001118 14666.894736842105
16654.196160001124 14305.615384615385
16745.77892000111 14100.775
17412.160380001125 11932.005291005291
17021.650820001196 13111.546511627907
17044.68010000115 12979.439306358381
18285.567460001163 9943.638766519824
16539.2693600011 14683.23178807947
16562.25472000106 14583.296052631578
17550.27384000111 11531.517948717948
16699.789900001164 14231.968354430379
16562.254720001092 14763.151315789473
16562.254720001074 14688.736842105263
16539.26936000115 14769.28476821192
17251.284820001103 12345.87912087912
17526.65530000119 11627.463917525773
17848.783400001113 10846.586538461539
16768.885060001125 13873.447204968945
17274.29580000103 12287.95081967213
17504.33606000116 11664.523316062176
16561.987540001188 14770.78947368421
16584.907020001297 14688.97385620915
16539.2693600012 14856.291390728476
17297.482460001098 12071.510869565218
18216.615040001114 10088.683035714286
16562.25472000115 14699.526315789473
18239.4064200012 9919.72
16516.28400000107 14710.733333333334
16699.826500001196 14286.405063291139
17090.60690000117 12881.874285714286
17733.761440001133 11046.394088669951
17963.633340001285 10597.136150234743
17917.801700001153 10703.232227488152
16585.240080001076 14605.679738562092
19342.476780001227 8611.311355311354
16975.709380001186 13169.75294117647
17205.460500001183 12533.966666666667
16539.07903999898 11512.655629139073
16562.25472000116 14823.190789473685
18354.486940001123 9791.45652173913
16791.771600001102 13856.197530864198
17526.907840001233 11627.175257731958
16814.86310000107 13768.699386503067
16539.26936000124 14908.754966887418
17251.16404000115 12347.39010989011
16562.2547200012 14816.434210526315
17274.533700001124 12235.825136612022
17366.409260001175 11968.497326203209
16860.70572000115 13599.024242424242
16562.254720001216 14783.243421052632
16585.24008000113 14674.013071895424
16630.910680001027 13228.129032258064
16630.961920001166 14439.135483870969
16562.2547200012 14817.519736842105
17366.493440001148 11909.106951871658
17159.504420001194 12643.26404494382
17848.77974000111 10705.346153846154
17389.369000001072 11833.728723404256
17159.548340001176 12579.477528089888
16975.764280001105 13182.317647058824
16906.691080001146 13446.305389221558
17090.614220001196 12854.851428571428
18767.95990000123 9099.552419354839
19089.743960001008 8972.923664122138
16906.683760001026 13370.269461077844
16607.870420001007 13227.5
16906.767940001137 13458.359281437126
16975.628860001165 13071.905882352941
16608.225440001046 14340.188311688311
17205.5227200011 12361.966666666667
18262.384460001253 9984.694690265487
17435.233580001157 11735.505263157895
16860.775260001203 13535.442424242425
16929.515400001157 13298.39880952381
17641.65530000116 11330.442211055277
16699.947280001215 14236.183544303798
16516.284000001197 14915.413333333334
16607.760620001263 14506.181818181818
16562.254720001143 14775.83552631579
16814.881400001224 13840.472392638037
17825.768760001178 10801.3961352657
17389.017640001257 11954.83510638298
17940.816340001074 10558.264150943396
17159.530040001082 12627.337078651686
17595.874900001116 11462.649746192894
16539.26936000103 14649.245033112582
16539.26936000115 14807.218543046358
17825.746800001198 10768.381642512077
16814.84846000107 13720.58282208589
16653.716700001103 14382.75
16539.26936000111 14738.430463576158
16516.28400000113 14816.786666666667
17044.028620001172 13023.739884393064
16906.738660001123 13337.778443113772
18216.691900001126 9970.0
16998.361680001202 13178.549707602338
16653.639840001197 14441.21794871795
16883.354360001103 13465.198795180722
16607.980220001107 14568.785714285714
16539.26936000108 14660.384105960266
16585.240080001124 14689.980392156862
17458.314100001146 11758.068062827226
16860.793560001224 13563.18787878788
16516.284000001244 14991.993333333334
16539.26936000121 14894.907284768213
17940.655300001155 10542.231132075472
16539.269360001083 14721.245033112582
16607.983879998897 11236.253246753247
16722.914340001153 14196.018867924528
17825.501580001233 10891.367149758455
16562.254720001187 14725.993421052632
16516.284000001186 14925.36
16952.632520001236 13270.952662721893
17067.67644000118 12871.913793103447
17481.405600001195 11780.130208333334
16837.731340001217 13750.853658536585
16562.254720001172 14693.690789473685
17044.369000001127 12942.29479768786
17802.88588000114 10958.461165048544
17642.284820001085 11334.638190954774
16998.68010000124 13130.941520467837
16584.93996000116 14694.928104575163
16860.592260000758 12097.224242424243
16883.665460001215 13595.283132530121
16722.731340001083 14152.119496855346
16539.269360001035 14578.867549668874
18469.421060001216 9603.774468085106
16562.254720001085 14651.315789473685
16539.26936000122 14893.741721854305
17481.112800001225 11746.307291666666
16768.786240001147 13921.894409937888
17642.25920000114 11242.834170854272
17503.981040001243 11669.233160621761
16722.81186000123 14066.188679245282
17320.460500001103 12057.524324324324
17113.515400001208 12739.414772727272
18607.267340001144 9369.589211618257
17319.87124000118 12177.913513513513
17389.401940001073 11944.920212765957
16562.25472000112 14748.684210526315
17320.06522000125 12163.075675675676
17182.295800001106 12543.77653631285
16630.603240001117 14390.8
17549.757780001175 11557.092307692308
16791.738660001134 13900.246913580248
16539.269360001235 14902.19867549669
17044.59958000117 12939.017341040462
17205.49344000116 12496.405555555555
18147.56014000035 8893.212669683258
17779.834640001143 10952.843902439025
18331.4174000011 9823.951965065502
16791.753300001143 13854.12962962963
17136.588600001192 12732.502824858757
17687.922480001274 11210.562189054726
16585.240080001044 14557.013071895424
16516.2840000012 14953.673333333334
16929.647160001114 13343.64880952381
17182.266520001154 12596.709497206704
17481.12744000121 10801.140625
16814.77892000117 13723.41717791411
16860.822840000998 13524.939393939394
17366.17502000107 12029.978609625668
16952.606900001145 13346.763313609468
17435.061560001166 11833.036842105263
16722.808200001076 13948.849056603774
17044.306780001054 13047.086705202311
16516.28400000107 14721.166666666666
16860.8631000012 13546.133333333333
16539.26936000119 14821.013245033113
17366.508080001113 11883.930481283422
16516.284000001237 15005.946666666667
17458.303120001056 11601.167539267015
17435.189660001262 11869.084210526316
16539.26936000113 14827.761589403974
17504.350700001192 11565.165803108808
16814.61422000123 13811.21472392638
17412.354360001067 11829.285714285714
17297.54468000103 12096.179347826086
16654.196160001015 14380.26923076923
17733.812680001167 11096.285714285714
17940.834640001256 10635.91037735849
16860.54468000123 13688.4
17205.62520000119 12455.31111111111
16929.478800001227 13391.625
16653.819180001174 14351.211538461539
17228.138420000956 12298.193370165745
16516.284000001127 14787.8
16516.284000001186 14920.2
16562.25472000109 14687.651315789473
17136.65082000118 12661.435028248588
16516.284000001244 15040.086666666666
18147.809020001143 10168.809954751132
17389.05058000118 11998.54255319149
17550.013980001284 11567.758974358974
16860.775260001174 13578.478787878788
17596.076200001113 11457.319796954314
18400.472300001133 9700.931034482759
17573.420240001036 11347.438775510203
18331.366160001187 9856.331877729257
16952.658140001102 13220.597633136094
16539.26936000118 14784.602649006623
16562.254720001147 14760.348684210527
17090.691080001154 12851.171428571428
16952.48978000122 13312.562130177515
16722.90336000123 14108.867924528302
16516.2840000012 14926.34
16585.240080001073 14425.614379084967
16539.26936000108 14641.225165562913
17113.021300001303 12800.880681818182
16516.284000001167 14883.18
17205.171360001055 12456.427777777777
16585.2400800012 14681.901960784313
17596.401940001095 11362.751269035532
17596.003000001154 11407.532994923858
17550.003000001165 11519.066666666668
17825.54916000124 10894.570048309179
16562.254720001194 14741.91447368421
17090.332400001174 12824.92
16883.43853999924 10737.463855421687
16539.269360001155 14769.119205298013
16585.24008000115 14630.856209150326
18239.658960001158 10036.737777777778
18147.637000001167 10183.8778280543
16860.742320001165 13499.248484848486
17756.929800001188 10996.622549019608
16676.841140001026 14287.83439490446
17182.636180001187 12468.910614525139
17343.508080001182 12070.967741935483
17182.240900001212 11606.614525139665
16584.87774000099 14540.816993464052
17458.365340001044 11671.361256544502
17803.06156000124 10956.859223300971
16562.25472000116 14782.052631578947
16539.26936000113 14820.245033112582
16562.25472000112 14631.388157894737
16952.78624000119 13212.881656804733
17779.735820001235 10984.19024390244
16676.815520001193 14215.707006369426
17504.017640001122 11645.176165803108
16608.22544000104 14314.954545454546
17434.904180001155 11861.173684210526
17917.702880001136 10618.445497630331
17435.068880001265 11871.842105263158
17343.09084000118 12123.548387096775
16585.035120001216 14625.888888888889
17320.467820001242 12197.55135135135
16699.896040001142 14123.943037974683
17205.48978000114 12436.41111111111
16998.63984000122 13152.169590643274
17388.852940001238 11997.31914893617
17527.369000001127 11522.453608247422
16906.03594000121 13508.54491017964
16860.749640001217 13597.939393939394
16814.771600001157 13791.613496932516
17504.123780001235 11661.082901554404
17825.70288000126 10898.903381642513
17779.88588000114 11004.941463414634
16539.26936000103 14670.165562913908
17205.57030000106 12323.255555555555
16837.76794000108 13751.920731707318
16699.819180001145 14158.227848101265
18170.65530000111 10177.418918918918
16607.96192000122 14502.032467532468
17228.131100001192 12459.93370165746
17090.270180001018 12876.062857142857
17320.511740001217 12150.513513513513
17412.482460001243 11922.396825396825
16791.910680001136 13823.598765432098
17067.7240200012 12837.454022988506
17434.78706000119 11859.952631578948
16676.79722000116 14244.528662420382
16676.848460001063 14053.707006369426
16562.03146000119 14841.625
16585.24008000104 14548.176470588236
17527.134760001216 11591.463917525773
17550.350700001047 11488.871794871795
17871.88954000115 10730.09090909091
16676.852120001116 14339.210191082802
16539.269360000988 14592.019867549669
16539.26936000115 14789.668874172185
17642.00666000096 10253.959798994974
16814.77526000116 13657.282208588957
17917.809020001154 10681.488151658768
19020.802520001136 8718.81081081081
18446.16486000118 9650.78205128205
18216.541840001162 10080.83482142857
16883.75696000124 13479.325301204819
17067.61422000112 12873.494252873563
17389.350700000996 11937.962765957447
16653.826500001058 14153.02564102564
17573.36900000105 11265.15306122449
16516.284000001157 14864.96
16631.210800001103 14528.909677419355
17527.427560001175 11600.0206185567
17343.390960001027 12101.118279569893
17113.628860001274 12808.579545454546
18767.926960001056 9102.040322580646
18745.289300001117 9173.757085020243
17940.717520001166 10613.608490566037
16745.870420001193 13999.1
17182.47514000121 12603.625698324022
17412.354360001136 11855.83597883598
17641.948100001067 11223.170854271357
16584.93630000122 14731.803921568628
16539.269360001093 14738.311258278145
17435.460500001205 11768.184210526315
16608.225440001104 14525.22077922078
17779.96274000117 10991.156097560975
17412.19698000114 11840.0582010582
17642.295800001102 11227.698492462312
16584.965580001164 14596.751633986929
16516.28400000115 14869.753333333334
17688.04692000116 11230.009950248756
19112.831800001208 8952.737642585551
17297.175020001225 12194.304347826086
16562.254720001118 14739.671052631578
16699.85578000108 14284.727848101265
16745.815520001146 14025.775
17388.85293999892 9095.760638297872
16676.83748000117 14223.146496815287
17067.4897800011 12963.71264367816
17435.068880001218 11835.263157894737
18469.318580001196 9564.28085106383
16539.26936000118 14806.973509933774
16791.789900001197 13827.543209876543
16516.28400000124 14973.94
16975.486120001162 13151.323529411764
17825.54550000122 10889.492753623188
17389.35070000119 11947.91489361702
16654.196160000974 14190.288461538461
16539.26936000122 14826.072847682119
17435.453180001106 11775.252631578947
16768.778920001172 13932.726708074535
16584.58494000122 14652.59477124183
16631.013159998936 11288.735483870967
17710.86392000116 11122.30693069307
16607.870420001178 14580.967532467532
17389.112800001123 11999.744680851063
16539.26936000118 14869.74834437086
17021.40560000126 13092.668604651162
16607.983880001273 14601.363636363636
17366.21162000121 11994.048128342247
16539.269360001057 14654.112582781458
16516.28400000122 14925.94
16516.28400000113 14853.526666666667
17664.94078000124 11206.99
17665.240900001183 11283.4
16998.680100001035 13005.935672514619
17182.650820001058 12446.268156424581
16722.95826000122 14107.012578616352
16722.8045400012 14195.767295597485
16562.25472000115 14759.684210526315
16584.99852000113 14571.307189542484
16837.760620001172 13624.371951219513
17711.06888000121 11178.113861386139
16814.72402000116 13777.877300613496
18377.585760001144 9726.632034632035
16607.870420001193 14532.818181818182
16516.28400000109 14747.2
16906.797220001186 13501.898203592815
16585.24008000101 14535.588235294117
16539.269360001155 14856.602649006623
16952.647160001063 13293.656804733728
17113.606900001087 12617.943181818182
17044.73866000108 12923.8612716763
17067.66180000121 12978.379310344828
16860.69840000111 13597.8
17274.277500001135 12257.486338797815
17297.2372400012 12208.152173913044
17435.354360001194 11885.621052631579
16539.269360001166 14759.728476821192
16585.240080001164 14725.843137254902
18032.84562000115 10456.75462962963
16562.254720001154 14744.552631578947
17274.44952000115 12279.584699453551
17550.3726600012 11582.676923076922
16539.269360001053 14677.331125827815
16906.720360001196 13437.676646706586
16631.00950000101 14302.625806451613
16952.738660001094 13269.502958579882
16814.577620001255 13823.490797546012
18101.717520001173 10250.48401826484
16975.654480001263 13209.070588235294
16768.782580001152 13850.329192546584
18515.51988000115 9764.75105485232
16952.742320001187 13260.242603550296
17458.087180001083 11717.549738219896
16814.548340001234 13853.055214723927
16516.28400000117 14857.0
16906.760620001194 13409.0
16722.950940001083 14010.603773584906
16929.438540001185 13367.333333333334
17159.632520001127 12667.612359550561
16952.808200001145 13240.775147928995
17113.67644000113 12750.21590909091
17389.299460001155 11865.18085106383
18561.142900001156 9441.903765690377
16837.599580001122 13603.75
18446.461320001137 9630.705128205129
19112.817160001247 8585.269961977187
17963.69556000103 10541.164319248826
16539.269360001133 14777.688741721855
16516.284000001047 14689.96
16630.9509400011 14334.845161290323
17274.2043000012 12305.021857923497
17021.482460001138 13055.14534883721
16562.254720001194 14792.546052631578
17435.013980001175 11764.310526315789
17550.138420001083 11456.938461538462
17366.23723999952 9679.197860962568
17710.710200001246 11160.0
16791.544680000385 11976.975308641975
16585.240080001113 14657.464052287582
17435.409260001106 11671.426315789473
16516.28400000108 14708.613333333333
16562.254720001198 14810.769736842105
16998.416580001176 13157.105263157895
17228.453180001194 12449.209944751381
16539.269360001024 14630.847682119205
17205.544680001167 12433.9
17481.3982800012 11701.536458333334
17113.555660001188 12811.704545454546
17182.59592000113 12476.977653631286
17664.746800001154 11270.9
16562.254720001165 14810.973684210527
17366.281160001243 11988.20320855615
17435.04692000115 11838.2
16699.98022000117 14235.335443037975
17412.061560001213 11906.73544973545
17067.62520000127 12955.781609195403
16860.68376000125 13673.8
16539.26936000115 14848.476821192053
16539.269360001155 14859.152317880795
16562.254720001096 14581.703947368422
17251.581280001235 12392.296703296703
16631.002180001204 14442.122580645162
17779.90418000116 10966.048780487805
16607.94362000115 14577.623376623376
17182.62154000122 12570.558659217877
17113.66912000119 12816.005681818182
18009.508900001267 10487.279069767443
16539.269360001104 14729.64238410596
16562.254720001187 14705.486842105263
17688.196979999295 11311.0
17986.699220001254 10552.88785046729
17412.05424000123 11867.724867724868
18009.805360001083 10475.823255813953
16539.26936000111 14714.622516556292
17297.401940001135 12198.891304347826
16722.870420001076 14092.238993710691
17136.625200001195 12658.74011299435
16516.28400000112 14798.92
17159.164040001175 12679.955056179775
17136.19698000128 12750.237288135593
17090.412920001185 12824.045714285714
16516.284000001135 14819.346666666666
16883.02862000116 13569.319277108434
16516.28400000111 14779.866666666667
17917.907840001 10585.033175355451
18009.830980001076 10408.302325581395
17526.84196000126 11615.752577319588
16584.892380001205 14651.437908496731
16768.797220001146 14000.155279503106
16676.90702000121 14259.917197452229
17343.189660001044 12076.327956989247
17067.570300001098 12883.1091954023
16539.269360001144 14832.80132450331
16584.910679998968 11204.764705882353
17986.85294000116 10531.336448598131
17504.442200001162 11655.518134715026
17320.40194000109 12117.778378378378
16538.972900001187 14803.834437086092
17412.2079600011 11906.026455026455
17641.8932000012 11320.095477386934
17596.33240000122 11423.467005076142
16814.705720001108 13770.374233128834
16562.25472000122 14738.71052631579
16607.97656000113 14624.805194805194
16584.965580001302 14737.183006535948
16562.25472000106 14667.796052631578
16837.815520001135 13750.317073170732
16607.95460000093 14377.623376623376
16607.939960001167 14583.363636363636
16585.24008000116 14676.0
16929.735000001154 13360.910714285714
18101.486940000148 8793.232876712329
16745.903360000975 13940.3125
16516.28400000112 14779.22
17297.511740001224 12197.91847826087
17365.951760001204 12048.588235294117
16516.284000001127 14812.066666666668
16539.269360001137 14838.509933774834
16539.2693600012 14885.920529801324
17205.530040001126 12395.027777777777
16653.687420001243 14085.02564102564
16952.43854000113 13242.520710059172
17343.464160000993 12080.29569892473
17274.2958000011 12187.054644808743
17320.387300001094 12054.875675675676
16791.79356000123 13887.969135802468
16561.958260001193 14066.421052631578
16676.84480000105 14153.235668789808
17802.97738000114 10955.359223300971
18308.54550000101 9803.513157894737
17665.006660001083 11218.185
17504.101820001175 11650.917098445596
17158.99202000121 12171.140449438202
16975.383640001226 13117.211764705882
16929.460500001165 13367.97619047619
16561.88506000121 14815.815789473685
17596.017640001104 11360.984771573603
17113.628860001132 12755.47159090909
17205.628860001238 12496.577777777778
16585.240080001167 14624.019607843138
16584.991200000994 14426.006535947712
16562.254720001132 14717.447368421053
16539.26936000117 14845.907284768213
18078.743140001217 10369.316513761469
17802.97372000118 10962.194174757282
17251.131100001174 12386.675824175823
17963.76876000117 10581.793427230046
17595.9151600012 11392.604060913705
17688.20064000109 11176.940298507463
17113.658140001255 12818.363636363636
18882.905000001214 9382.177865612648
18446.421060001117 9644.200854700855
16837.76428000123 13747.689024390244
17664.955420001246 11295.665
17986.911500001097 10498.490654205607
17044.6544800012 12967.809248554913
18974.747620001006 8791.575875486382
17458.369000001145 11779.471204188481
18124.417400001137 10258.563636363637
16539.26936000115 14850.218543046358
16975.398280001147 13133.558823529413
17665.171360001186 11303.36
16539.26936000107 14603.76821192053
16952.691080001197 13316.378698224851
17504.13476000109 11670.80829015544
17549.684580001256 11563.435897435897
19641.549980001204 7907.702797202797
16539.2693600012 14948.569536423842
16722.866760001212 14150.534591194968
16906.79356000116 13278.74251497006
17389.29580000118 11942.329787234043
17779.820000001037 11016.390243902439
16607.99120000123 14615.701298701299
16699.80088000111 14242.620253164558
16516.284000001157 14888.473333333333
17090.28848000109 12811.868571428571
17894.69190000115 10681.109523809524
17687.918820001174 11202.288557213931
16539.2693600012 14858.887417218542
17389.41658000123 12008.345744680852
17894.922480001158 10680.352380952381
18813.94892000115 9038.628
16814.749640001184 13730.484662576688
16539.269360001123 14788.682119205298
16562.254720001154 14704.138157894737
17090.354360001173 12908.822857142857
16585.016819999317 11754.875816993464
18032.494260001175 10447.717592592593
16539.26936000111 14756.476821192053
16539.269360001126 14789.688741721855
16562.254720001158 14767.677631578947
18790.959900001068 9296.012048192772
16952.775260001148 13223.402366863906
16699.7935600012 14239.411392405063
16837.80088000108 13680.80487804878
16585.013160001152 14680.372549019608
17504.401940001153 11656.787564766839
16516.28400000112 14804.5
17297.40926000109 12141.21195652174
16539.269360001173 14766.0
17481.120119998934 8791.151041666666
16585.240080001156 14670.052287581699
17320.189660001197 12189.151351351351
18354.292960001167 9810.169565217391
16975.47880000117 13252.958823529412
17481.310440001023 11659.645833333334
17343.405600001115 12072.41935483871
17779.607720001193 11005.819512195121
16539.269360001173 14868.403973509934
16607.907019999842 12101.974025974027
16745.606899999322 11199.54375
17572.937120001137 11436.280612244898
17664.992020001155 11220.25
17205.204300001235 12481.227777777778
17044.66546000106 12922.43352601156
16653.581280001235 14439.442307692309
17090.358020001262 12880.337142857143
16607.991200001157 14498.798701298701
16562.254720001132 14663.631578947368
16516.284000001204 14962.653333333334
17733.772420001154 11059.433497536946
16677.181520001042 14199.108280254777
16539.26936000111 14809.470198675497
16630.921660001255 14494.548387096775
16998.643500001148 13084.61403508772
18354.549160001094 9759.295652173912
16539.269360001213 14878.960264900663
17205.489780001215 12438.988888888889
17641.970060001204 11304.311557788944
17412.149400001075 11821.010582010582
17573.412920001185 11520.209183673469
16562.254720001158 14774.776315789473
16539.2693600011 14702.066225165563
16585.240080001087 14644.117647058823
16539.269360001177 14847.470198675497
17343.196980001117 12079.47311827957
17389.46782000114 11891.893617021276
16768.808200001135 13906.695652173914
17596.12378000108 11471.385786802031
17550.0762000012 11576.461538461539
17825.77608000119 10901.743961352657
17412.251880001226 11906.47619047619
16585.24008000117 14669.59477124183
17090.332400001163 12889.285714285714
16791.76062000103 13836.858024691359
16608.225440001053 14487.805194805194
16699.885060001092 14136.518987341773
16722.80454000118 14091.465408805032
16562.254720001154 14770.986842105263
16584.907020001152 14608.692810457516
16722.881400001206 14165.798742138364
17458.09816000107 11775.633507853403
18423.43936000108 9598.978540772532
17113.270180001186 12817.005681818182
16837.760620001187 13719.34756097561
17320.555660001122 12095.71891891892
17274.244560001207 12251.136612021857
16768.749640001155 13952.645962732919
16791.88140000113 13868.351851851852
16539.26936000118 14816.741721854305
16561.994860001167 14770.763157894737
17848.911500001162 10812.615384615385
17665.29214000117 11215.09
17366.164040001055 11942.283422459894
16585.240080001156 14662.928104575163
16539.26936000109 14704.324503311258
18630.106300001065 9333.280991735537
16516.2840000012 14954.913333333334
17871.60772000129 10787.521531100478
19388.69272000114 8217.97090909091
17527.00666000115 11593.427835051547
16722.767940001107 14092.333333333334
16585.240080001095 14543.921568627451
16561.899700001133 14662.730263157895
16630.588600001323 14552.664516129033
16608.225440001064 14556.636363636364
16585.240080001146 14666.529411764706
16516.284000001157 14877.9
16653.98388000119 14349.108974358975
17343.390960001045 12072.532258064517
